epoch:0 0.2706  0.4514  0.2849  0.0960  0.2061  0.3057  0.3615  0.5493  0.5681  0.3316  0.4580  0.6140  0.8408  0.005000
epoch:1 0.3843  0.5974  0.4098  0.1420  0.2693  0.4338  0.4093  0.6005  0.6182  0.3412  0.5052  0.6669  0.5929  0.005000
epoch:2 0.4294  0.6749  0.4634  0.2020  0.3282  0.4688  0.4148  0.6160  0.6371  0.3828  0.5601  0.6745  0.4888  0.005000
epoch:3 0.5193  0.7575  0.5648  0.2123  0.3935  0.5732  0.4659  0.6638  0.6825  0.4103  0.5862  0.7266  0.3457  0.001650
epoch:4 0.5233  0.7664  0.5728  0.2244  0.3862  0.5804  0.4634  0.6625  0.6805  0.3862  0.5769  0.7296  0.2938  0.001650
epoch:5 0.5280  0.7745  0.5743  0.2163  0.3943  0.5866  0.4635  0.6603  0.6773  0.3957  0.5769  0.7265  0.2667  0.001650
epoch:6 0.5465  0.7844  0.5933  0.2256  0.4049  0.6063  0.4735  0.6702  0.6865  0.4032  0.5783  0.7382  0.2230  0.000545
epoch:7 0.5472  0.7837  0.5913  0.2393  0.4073  0.6059  0.4742  0.6723  0.6887  0.4085  0.5829  0.7390  0.2098  0.000545
epoch:8 0.5445  0.7838  0.5917  0.2316  0.4030  0.6040  0.4732  0.6673  0.6823  0.3835  0.5741  0.7337  0.1990  0.000545
epoch:9 0.5490  0.7840  0.5940  0.2237  0.4063  0.6090  0.4765  0.6704  0.6847  0.3839  0.5753  0.7369  0.1858  0.000180
epoch:10 0.5491  0.7831  0.5951  0.2192  0.4054  0.6096  0.4767  0.6687  0.6838  0.3833  0.5713  0.7368  0.1810  0.000180
epoch:11 0.5477  0.7847  0.5926  0.2287  0.4029  0.6078  0.4764  0.6679  0.6824  0.3866  0.5717  0.7347  0.1785  0.000180
epoch:12 0.5514  0.7865  0.5987  0.2268  0.4057  0.6116  0.4780  0.6713  0.6862  0.3755  0.5758  0.7390  0.1731  0.000059
epoch:13 0.5496  0.7860  0.5945  0.2360  0.4043  0.6101  0.4779  0.6693  0.6837  0.3805  0.5708  0.7366  0.1734  0.000059
epoch:14 0.5482  0.7839  0.5925  0.2235  0.4035  0.6083  0.4770  0.6690  0.6833  0.3828  0.5713  0.7362  0.1723  0.000059
