epoch:0 0.0121  0.0319  0.0066  0.0003  0.0054  0.0205  0.1423  0.2289  0.2345  0.0139  0.0731  0.3021  1.2956  0.005000
epoch:1 0.0433  0.0982  0.0323  0.0083  0.0215  0.0610  0.1936  0.3056  0.3169  0.0720  0.1762  0.3744  1.0311  0.005000
epoch:2 0.0733  0.1552  0.0600  0.0159  0.0359  0.0968  0.2138  0.3432  0.3545  0.0541  0.1674  0.4291  0.9405  0.005000
epoch:3 0.1035  0.2042  0.0923  0.0190  0.0504  0.1322  0.2486  0.3982  0.4132  0.1221  0.2535  0.4803  0.8323  0.001650
epoch:4 0.1184  0.2281  0.1078  0.0275  0.0560  0.1522  0.2587  0.4044  0.4196  0.1531  0.2614  0.4861  0.8032  0.001650
epoch:5 0.1271  0.2429  0.1149  0.0179  0.0587  0.1641  0.2634  0.4112  0.4271  0.1453  0.2567  0.4975  0.7818  0.001650
epoch:6 0.1386  0.2613  0.1281  0.0239  0.0660  0.1724  0.2745  0.4268  0.4446  0.1506  0.2847  0.5124  0.7346  0.000545
epoch:7 0.1499  0.2757  0.1413  0.0275  0.0671  0.1874  0.2792  0.4323  0.4492  0.1509  0.2852  0.5209  0.7216  0.000545
epoch:8 0.1524  0.2818  0.1445  0.0303  0.0696  0.1899  0.2796  0.4304  0.4480  0.1686  0.2883  0.5149  0.7117  0.000545
epoch:9 0.1575  0.2909  0.1477  0.0297  0.0747  0.1956  0.2838  0.4375  0.4545  0.1589  0.2916  0.5230  0.6926  0.000180
epoch:10 0.1539  0.2862  0.1417  0.0301  0.0738  0.1966  0.2834  0.4385  0.4562  0.1561  0.2975  0.5245  0.6873  0.000180
epoch:11 0.1545  0.2869  0.1467  0.0241  0.0732  0.1985  0.2859  0.4371  0.4544  0.1562  0.2957  0.5224  0.6829  0.000180
epoch:12 0.1626  0.3012  0.1524  0.0332  0.0738  0.1998  0.2845  0.4399  0.4562  0.1621  0.2943  0.5248  0.6747  0.000059
epoch:13 0.1608  0.2960  0.1496  0.0246  0.0751  0.2060  0.2898  0.4452  0.4623  0.1660  0.3049  0.5303  0.6723  0.000059
epoch:14 0.1631  0.3021  0.1528  0.0319  0.0760  0.1999  0.2858  0.4401  0.4570  0.1702  0.2991  0.5243  0.6719  0.000059
